Symbol Table:
Kind | Name        | Size | Level | Address | Mark
---------------------------------------------------
   3 |        main |     0 |    0 |   102 |     1
   1 |           a |     0 |    0 |     3 |     1
   1 |           b |     0 |    0 |     4 |     1
   2 |           z |     2 |    0 |     5 |     1
   2 |           y |     3 |    0 |     7 |     1
   3 |           H |     0 |    0 |     4 |     1
   1 |           z |     0 |    1 |     3 |     1
   2 |           a |     3 |    1 |     4 |     1
   1 |           c |     0 |    1 |     7 |     1
   2 |           x |     1 |    1 |     8 |     1
   3 |           J |     0 |    1 |     1 |     1
   3 |           J |     0 |    0 |    99 |     1
   1 |           b |     0 |    1 |     3 |     1
   2 |           y |     2 |    1 |     4 |     1
   1 |           k |     0 |    1 |     6 |     1
   1 |           j |     0 |    1 |     7 |     1
   3 |           M |     0 |    1 |    41 |     1
Line	OP Code	OP Name	R	L	M
0	7	JMP	0	0	102
1	6	INC	0	0	3
2	5	CAL	0	1	1
3	2	RET	0	0	0
4	6	INC	0	0	9
5	1	LIT	0	0	3
6	1	LIT	1	0	6
7	22	GTR	0	0	1
8	8	JPC	0	0	17
9	1	LIT	0	0	1
10	1	LIT	1	0	4
11	13	ADD	0	0	1
12	10	RED	1	0	0
13	4	STO	1	0	0
14	1	LIT	0	0	3
15	10	RED	1	0	0
16	4	STO	1	0	0
17	1	LIT	0	0	1
18	1	LIT	1	0	7
19	13	ADD	0	0	1
20	1	LIT	1	0	2
21	4	STO	1	1	0
22	1	LIT	0	0	4
23	1	LIT	1	0	3
24	4	STO	1	1	0
25	1	LIT	0	0	3
26	1	LIT	1	0	2
27	14	SUB	0	0	1
28	1	LIT	1	0	7
29	13	ADD	0	0	1
30	1	LIT	1	0	7
31	4	STO	1	1	0
32	1	LIT	0	0	0
33	1	LIT	1	0	4
34	13	ADD	0	0	1
35	1	LIT	1	0	13
36	4	STO	1	0	0
37	1	LIT	0	0	3
38	1	LIT	1	0	2
39	4	STO	1	0	0
40	2	RET	0	0	0
41	6	INC	0	0	3
42	5	CAL	0	2	4
43	1	LIT	0	0	7
44	1	LIT	1	0	3
45	20	LSS	0	0	1
46	8	JPC	0	0	98
47	1	LIT	0	0	3
48	10	RED	1	0	0
49	4	STO	1	2	0
50	1	LIT	0	0	1
51	1	LIT	1	0	5
52	13	ADD	0	0	1
53	10	RED	1	0	0
54	4	STO	1	2	0
55	1	LIT	0	0	3
56	1	LIT	1	0	3
57	14	SUB	0	0	1
58	1	LIT	1	0	5
59	13	ADD	0	0	1
60	10	RED	1	0	0
61	4	STO	1	2	0
62	1	LIT	0	0	3
63	10	RED	1	0	0
64	4	STO	1	1	0
65	1	LIT	0	0	0
66	1	LIT	1	0	4
67	13	ADD	0	0	1
68	10	RED	1	0	0
69	4	STO	1	1	0
70	1	LIT	0	0	0
71	1	LIT	1	0	1
72	13	ADD	0	0	1
73	1	LIT	1	0	4
74	13	ADD	0	0	1
75	10	RED	1	0	0
76	4	STO	1	1	0
77	1	LIT	0	0	1
78	9	WRT	0	0	0
79	1	LIT	0	0	2
80	1	LIT	1	0	3
81	15	MUL	0	0	1
82	9	WRT	0	0	0
83	1	LIT	0	0	0
84	1	LIT	1	0	5
85	13	ADD	0	0	1
86	1	LIT	1	0	3
87	4	STO	1	2	0
88	1	LIT	0	0	0
89	1	LIT	1	0	1
90	13	ADD	0	0	1
91	1	LIT	1	0	5
92	13	ADD	0	0	1
93	1	LIT	1	0	8
94	4	STO	1	2	0
95	1	LIT	0	0	3
96	1	LIT	1	0	2
97	4	STO	1	2	0
98	2	RET	0	0	0
99	6	INC	0	0	8
100	5	CAL	0	0	41
101	2	RET	0	0	0
102	6	INC	0	0	10
103	5	CAL	0	0	99
104	1	LIT	0	0	4
105	1	LIT	1	0	2
106	16	DIV	0	0	1
107	1	LIT	1	0	1
108	18	EQL	0	0	1
109	8	JPC	0	0	125
110	1	LIT	0	0	3
111	10	RED	1	0	0
112	4	STO	1	0	0
113	1	LIT	0	0	2
114	1	LIT	1	0	7
115	13	ADD	0	0	1
116	10	RED	1	0	0
117	4	STO	1	0	0
118	1	LIT	0	0	3
119	1	LIT	1	0	3
120	16	DIV	0	0	1
121	1	LIT	1	0	7
122	13	ADD	0	0	1
123	10	RED	1	0	0
124	4	STO	1	0	0
125	1	LIT	0	0	3
126	1	LIT	1	0	3
127	4	STO	1	0	0
128	1	LIT	0	0	0
129	1	LIT	1	0	7
130	13	ADD	0	0	1
131	1	LIT	1	0	1
132	4	STO	1	0	0
133	1	LIT	0	0	0
134	1	LIT	1	0	1
135	13	ADD	0	0	1
136	1	LIT	1	0	5
137	13	ADD	0	0	1
138	1	LIT	1	0	2
139	4	STO	1	0	0
140	1	LIT	0	0	3
141	1	LIT	1	0	0
142	1	LIT	2	0	7
143	13	ADD	1	1	2
144	3	LOD	1	0	1
145	1	LIT	2	0	0
146	1	LIT	3	0	1
147	13	ADD	2	2	3
148	1	LIT	3	0	7
149	13	ADD	2	2	3
150	3	LOD	2	0	2
151	15	MUL	1	1	2
152	1	LIT	2	0	4
153	3	LOD	2	0	2
154	13	ADD	1	1	2
155	4	STO	1	0	0
156	1	LIT	0	0	4
157	1	LIT	1	0	8
158	1	LIT	2	0	4
159	17	MOD	1	1	2
160	1	LIT	2	0	1
161	12	NEG	2	0	2
162	1	LIT	3	0	5
163	13	ADD	2	2	3
164	13	ADD	1	1	2
165	4	STO	1	0	0
166	1	LIT	0	0	3
167	1	LIT	1	0	3
168	19	NEQ	0	0	1
169	1	LIT	1	0	0
170	18	EQL	0	0	1
171	8	JPC	0	0	140
172	11	HLT	0	0	0
