Symbol Table:
Kind | Name        | Size | Level | Address | Mark
---------------------------------------------------
   3 |        main |     0 |    0 |     9 |     1
   1 |           a |     0 |    0 |     3 |     1
   1 |           b |     0 |    0 |     4 |     1
   2 |           z |     2 |    0 |     5 |     1
   2 |           y |     3 |    0 |     7 |     1
   3 |           H |     0 |    0 |     3 |     1
   1 |           z |     0 |    1 |     3 |     1
   2 |           a |     3 |    1 |     4 |     1
   1 |           c |     0 |    1 |     7 |     1
   2 |           x |     1 |    1 |     8 |     1
   3 |           J |     0 |    1 |     1 |     1
   3 |           J |     0 |    0 |     7 |     1
   1 |           b |     0 |    1 |     3 |     1
   2 |           y |     2 |    1 |     4 |     1
   1 |           k |     0 |    1 |     6 |     1
   1 |           j |     0 |    1 |     7 |     1
   3 |           M |     0 |    1 |     5 |     1
Line	OP Code	OP Name	R	L	M
0	7	JMP	0	0	9
1	6	INC	0	0	3
2	2	RET	0	0	0
3	6	INC	0	0	9
4	2	RET	0	0	0
5	6	INC	0	0	3
6	2	RET	0	0	0
7	6	INC	0	0	8
8	2	RET	0	0	0
9	6	INC	0	0	10
10	11	HLT	0	0	0
